2 11.165311813354492 4.054119110107422 29.304973602294922 42.7674446105957
29 119.58075714111328 10.540508270263672 137.55764770507812 50.513465881347656
29 139.95852661132812 12.147202491760254 158.39234924316406 51.904727935791016
29 99.51114654541016 9.428116798400879 117.64015197753906 49.10939025878906
3 30.702482223510742 5.036144733428955 46.48863220214844 44.754783630371094
3 188.28994750976562 14.688346862792969 208.98045349121094 57.07106399536133
17 49.14723205566406 5.923301696777344 66.77395629882812 46.357276916503906
23 67.76483154296875 7.505841255187988 86.4040298461914 47.182743072509766
29 167.1549072265625 13.74775505065918 186.33212280273438 54.09756851196289
8 167.15200805664062 13.5921630859375 186.40213012695312 54.01399612426758
