5 40.494869232177734 8.101988792419434 45.338565826416016 16.08993148803711
6 34.729248046875 7.412971496582031 39.35902786254883 15.255146980285645
3 52.65266036987305 9.440644264221191 57.64504623413086 17.45220375061035
2 29.512460708618164 7.385990142822266 34.28391647338867 15.101602554321289
7 4.466549873352051 4.530102729797363 8.700418472290039 12.091409683227539
15 21.70431900024414 6.3551154136657715 26.28620719909668 14.197522163391113
0 48.687904357910156 8.818873405456543 52.152565002441406 17.019956588745117
29 9.492998123168945 4.737244129180908 13.844118118286133 12.323870658874512
12 9.58657455444336 4.914144992828369 13.917712211608887 12.374933242797852
19 16.30063247680664 4.235385417938232 21.026601791381836 13.540722846984863
