3 68.35665130615234 13.387687683105469 83.00991821289062 46.410179138183594
2 52.03486633300781 11.26301383972168 67.1480484008789 43.154541015625
2 27.4205379486084 7.585105895996094 42.22822189331055 39.40639877319336
5 84.34773254394531 15.978168487548828 99.48516082763672 47.89227294921875
29 154.16664123535156 25.143226623535156 169.24227905273438 56.847232818603516
1 170.90078735351562 26.47372055053711 186.9753875732422 59.45595169067383
3 12.278604507446289 4.786699295043945 26.81431770324707 37.31554412841797
15 127.00086975097656 20.754817962646484 142.76979064941406 54.20978927612305
20 109.70109558105469 17.071569442749023 125.64581298828125 51.69635009765625
5 38.739707946777344 5.580907344818115 44.426334381103516 17.06288719177246
5 32.27099609375 5.626148700714111 37.35120391845703 17.020761489868164
8 34.6161994934082 18.57987403869629 40.233795166015625 30.18608283996582
7 12.336400985717773 6.310760021209717 17.156877517700195 17.479257583618164
29 18.744028091430664 5.999117851257324 24.23774528503418 17.182809829711914
20 14.424138069152832 18.902807235717773 20.303037643432617 30.97726058959961
0 27.668428421020508 5.644337177276611 31.36545753479004 17.269132614135742
0 29.817760467529297 18.7044734954834 33.52724838256836 30.40536117553711
15 20.865983963012695 18.586868286132812 26.381319046020508 30.229209899902344
