3 99.42863464355469 23.171794891357422 109.09809875488281 43.5799674987793
7 9.433608055114746 9.216753005981445 18.071016311645508 28.150833129882812
5 76.69772338867188 18.838315963745117 86.47972106933594 39.648475646972656
6 66.15617370605469 17.594608306884766 75.37152862548828 38.17804718017578
2 56.36116027832031 16.535715103149414 65.61205291748047 36.60474395751953
29 19.11668586730957 10.795616149902344 27.42702865600586 30.025766372680664
0 91.95563507080078 22.16551971435547 98.80561828613281 42.10726547241211
20 32.18572998046875 11.397624969482422 41.04851531982422 32.02192687988281
15 41.864898681640625 14.66197395324707 50.452911376953125 33.86601257324219
1 4.114217758178711 4.462881565093994 8.822501182556152 14.730392456054688
8 8.928426742553711 4.828475475311279 13.401988983154297 14.78481388092041
9 13.706534385681152 5.169877052307129 18.457901000976562 15.971574783325195
0 37.84737777709961 7.797022819519043 41.8525505065918 18.263643264770508
2 25.6702938079834 6.410218238830566 30.45772933959961 17.156246185302734
3 42.55144119262695 8.591217041015625 47.65852355957031 18.83563995361328
8 30.7010440826416 7.15615701675415 35.934566497802734 17.63939666748047
3 20.981916427612305 6.207871437072754 25.319107055664062 16.681943893432617
