12 21.508031845092773 6.3800249099731445 26.421302795410156 14.25227165222168
4 5.838781833648682 7.492734432220459 10.501544952392578 15.05019474029541
18 16.491676330566406 6.53173828125 21.210023880004883 14.22549819946289
3 35.640716552734375 4.4806036949157715 39.94399642944336 12.55264949798584
3 40.561832427978516 4.3311662673950195 45.02356719970703 12.362778663635254
0 47.869258880615234 3.21806001663208 51.753360748291016 11.384641647338867
12 30.311378479003906 5.275777816772461 35.022972106933594 13.29766845703125
0 53.098323822021484 2.848092794418335 56.960121154785156 11.141938209533691
29 11.481390953063965 7.388412952423096 15.9409761428833 14.941308975219727
12 11.580343246459961 7.374025821685791 15.863039016723633 14.9205904006958
