4 6.505150318145752 7.3961920738220215 12.305729866027832 18.125551223754883
12 26.4654483795166 6.479434013366699 32.6176643371582 17.450237274169922
18 19.67255973815918 7.085993766784668 25.75526237487793 17.771255493164062
29 38.23980712890625 6.371288299560547 44.276920318603516 17.01763343811035
3 45.37605667114258 5.709097385406494 50.74808883666992 16.839109420776367
3 51.93612289428711 5.6908159255981445 57.56662368774414 16.78321647644043
0 61.98590850830078 5.093314170837402 66.60636138916016 16.285348892211914
12 13.300013542175293 7.311846733093262 18.901660919189453 18.08268165588379
29 13.25112247467041 7.389078140258789 18.988834381103516 18.060791015625
0 68.57630157470703 4.833527565002441 73.32721710205078 16.038576126098633
