2 19.617755889892578 12.217497825622559 27.84233856201172 26.61804962158203
8 10.482412338256836 10.565679550170898 18.77295684814453 25.11170768737793
2 88.76265716552734 22.529165267944336 98.23640441894531 38.133750915527344
12 36.334564208984375 13.406070709228516 46.15360641479492 29.812637329101562
29 59.599212646484375 18.299156188964844 68.82093048095703 33.2299690246582
29 50.6690673828125 16.7191104888916 59.574954986572266 31.586734771728516
18 27.818706512451172 12.327858924865723 35.55707550048828 28.335424423217773
0 69.39682006835938 18.787649154663086 76.85911560058594 35.043724060058594
29 79.18094635009766 20.9177188873291 89.10913848876953 37.15254211425781
12 79.38005828857422 19.419313430786133 89.07280731201172 37.72709274291992
