7 77.13846588134766 10.477312088012695 85.8766860961914 49.56644821166992
5 87.22593688964844 7.504974365234375 96.27071380615234 47.08636474609375
4 54.14128112792969 14.385689735412598 63.354610443115234 52.457462310791016
4 64.3325424194336 12.644495010375977 73.61769104003906 50.625633239746094
0 45.63845443725586 16.974321365356445 51.18214416503906 55.92607879638672
5 8.699365615844727 21.892269134521484 17.536087036132812 61.480133056640625
0 20.018869400024414 21.42756462097168 25.268587112426758 60.39988327026367
14 28.756546020507812 19.603214263916016 37.15447998046875 58.59769821166992
4 8.655904769897461 23.457475662231445 17.543352127075195 60.397918701171875
5 64.33969116210938 11.673375129699707 73.53606414794922 51.9286003112793
