1 42.678348541259766 2.4570987224578857 53.7638053894043 23.833723068237305
8 56.05302429199219 2.7694268226623535 65.90060424804688 23.576095581054688
29 52.45623016357422 28.089454650878906 62.86449432373047 48.2388916015625
3 12.947977066040039 2.263493776321411 23.728515625 23.63290786743164
0 68.87781524658203 3.022289752960205 77.67715454101562 24.113422393798828
0 26.546663284301758 2.220673084259033 35.49800491333008 24.139305114746094
0 65.97566986083984 28.161911010742188 74.3982162475586 48.65038299560547
15 30.494951248168945 27.359233856201172 41.78904342651367 48.34599304199219
20 16.80085563659668 27.218791961669922 28.459503173828125 48.541812896728516
2 42.6512451171875 2.49385404586792 53.71564865112305 23.8761043548584
