8 49.57270812988281 6.312835216522217 60.38677215576172 26.403650283813477
1 36.89433288574219 6.309900283813477 47.61095428466797 26.43631362915039
0 63.27040100097656 6.126384258270264 72.62265014648438 26.954984664916992
3 8.079681396484375 6.1369218826293945 18.112070083618164 26.65312385559082
29 112.96794891357422 5.757338523864746 122.84149169921875 25.175878524780273
0 21.429744720458984 6.037533760070801 29.2490234375 26.698101043701172
0 126.89425659179688 5.312390327453613 134.2838897705078 24.98350715637207
20 83.16201782226562 5.339724063873291 94.28861999511719 26.505765914916992
15 96.14446258544922 5.743780136108398 106.8359146118164 25.674030303955078
29 96.39700317382812 5.688473224639893 106.60108947753906 25.735698699951172
