2 51.94761276245117 11.986310958862305 67.20612335205078 44.29530715942383
5 84.29100799560547 16.846935272216797 99.50379180908203 48.75923156738281
2 27.40523910522461 8.35338020324707 42.2437744140625 40.172607421875
3 68.24312591552734 14.135375022888184 83.25108337402344 47.29911804199219
1 170.93338012695312 27.327287673950195 186.96963500976562 60.21305465698242
29 153.96737670898438 25.993045806884766 169.252685546875 57.64404296875
3 12.487472534179688 5.597818374633789 26.572364807128906 38.513057708740234
15 127.02894592285156 21.53646469116211 142.80218505859375 54.966373443603516
20 109.62594604492188 18.00511360168457 125.64340209960938 52.50312805175781
5 38.755531311035156 5.597641944885254 44.41956329345703 17.077835083007812
5 32.27671432495117 5.645325183868408 37.34012222290039 17.015596389770508
8 34.590145111083984 18.584163665771484 40.24238967895508 30.185426712036133
7 12.264643669128418 6.305692195892334 17.17595100402832 17.480852127075195
29 18.715576171875 5.951202392578125 24.256057739257812 17.18326759338379
20 14.413511276245117 18.903491973876953 20.29762077331543 30.985553741455078
0 27.65530776977539 5.655282497406006 31.37262535095215 17.267854690551758
0 29.795780181884766 18.685043334960938 33.5267448425293 30.34186553955078
15 20.87045669555664 18.56510353088379 26.37858009338379 30.238746643066406
