4 35.901641845703125 11.147185325622559 45.27556228637695 29.364606857299805
7 106.47748565673828 21.3519229888916 114.97166442871094 38.1717414855957
29 96.47941589355469 19.811885833740234 104.98226165771484 36.61589813232422
3 11.677172660827637 8.950990676879883 21.176877975463867 27.64996910095215
29 45.79075622558594 12.880898475646973 54.967803955078125 30.331205368041992
0 23.343629837036133 9.792021751403809 30.737770080566406 28.381696701049805
0 57.2309455871582 14.076337814331055 64.11528778076172 31.698543548583984
15 82.89848327636719 17.844959259033203 91.71687316894531 34.96950149536133
20 72.42871856689453 15.887191772460938 82.25425720214844 34.22334671020508
29 82.99485778808594 17.81254005432129 91.5404052734375 35.02327346801758
