7 10.505321502685547 10.158531188964844 19.098066329956055 28.850963592529297
5 77.93083190917969 18.455852508544922 87.48407745361328 39.15013122558594
3 100.70317077636719 21.906909942626953 110.57927703857422 42.51443099975586
2 57.70925521850586 16.447145462036133 67.01152038574219 36.62841033935547
6 67.40342712402344 17.52043342590332 76.59651184082031 37.87836837768555
0 93.35710906982422 21.265005111694336 99.83551025390625 41.13151550292969
20 33.12752151489258 11.752458572387695 42.16065979003906 32.84335708618164
29 20.1407470703125 11.230652809143066 28.55561637878418 30.608755111694336
15 43.06602096557617 14.783781051635742 51.733585357666016 34.44856262207031
5 43.14451217651367 14.286397933959961 51.596649169921875 34.93574142456055
1 4.7034010887146 4.468172073364258 9.526863098144531 14.861579895019531
8 31.49547004699707 7.2048234939575195 36.78362274169922 17.413665771484375
3 43.45047378540039 7.864959239959717 48.529727935791016 18.662887573242188
8 9.758344650268555 4.807030200958252 14.289435386657715 14.918850898742676
9 14.417412757873535 5.112473964691162 19.405061721801758 16.29253578186035
0 38.51571273803711 7.440683841705322 42.916046142578125 18.27975845336914
2 26.303119659423828 6.327452182769775 31.39276885986328 17.083948135375977
