2 47.085845947265625 4.676390171051025 68.76515197753906 50.21641540527344
4 8.654874801635742 52.74766540527344 31.346996307373047 97.21727752685547
3 62.95180130004883 55.959590911865234 84.6254653930664 101.89439392089844
6 122.9764633178711 59.880699157714844 144.8085174560547 103.83746337890625
3 36.25840759277344 54.78633499145508 57.10182189941406 99.99897003173828
21 87.16788482666016 6.229894638061523 110.57730865478516 52.8162841796875
7 25.013080596923828 2.657905101776123 46.455894470214844 48.774044036865234
0 99.14680480957031 58.79401779174805 117.8043441772461 103.06404876708984
0 113.4453125 7.807121753692627 132.10806274414062 54.01890182495117
2 24.885835647583008 3.2137763500213623 46.49380874633789 48.67364501953125
