8 15.724833488464355 5.646862983703613 20.35350799560547 14.187591552734375
4 10.014179229736328 5.564700603485107 15.311173439025879 14.158468246459961
29 19.693742752075195 15.50848388671875 24.531469345092773 23.989717483520508
6 27.94338607788086 15.375506401062012 33.13362121582031 24.229270935058594
4 12.790895462036133 15.5576810836792 18.22125816345215 23.98685073852539
1 34.807273864746094 15.511062622070312 39.899627685546875 24.183927536010742
0 31.90106964111328 5.526752948760986 35.819557189941406 14.231818199157715
24 26.235708236694336 5.30776309967041 31.426738739013672 14.269083976745605
5 6.689048767089844 15.623479843139648 11.234402656555176 24.120731353759766
12 26.131362915039062 5.313872337341309 31.488296508789062 14.255966186523438
