8 33.62608337402344 21.651138305664062 38.06089782714844 32.93025588989258
10 25.74217414855957 6.661777496337891 30.7684268951416 18.63421630859375
1 15.806012153625488 6.1338019371032715 20.485401153564453 18.10386848449707
0 31.696298599243164 6.727470874786377 35.28462219238281 19.15298843383789
5 13.000747680664062 19.783626556396484 17.53456687927246 31.88219451904297
1 6.6205058097839355 21.136924743652344 11.355286598205566 31.194564819335938
7 10.784343719482422 5.805632591247559 15.186180114746094 17.51405906677246
5 27.717554092407227 21.210691452026367 31.696752548217773 32.26986312866211
0 20.37169647216797 20.308792114257812 23.616823196411133 32.043174743652344
10 10.789443016052246 5.753074645996094 15.24318790435791 17.646286010742188
