1 28.73206901550293 4.656381607055664 33.55848693847656 11.981348037719727
8 14.175662994384766 4.584094047546387 18.1801700592041 12.02774715423584
11 23.675270080566406 4.38137674331665 28.208969116210938 11.962669372558594
4 9.117709159851074 4.6247239112854 13.602731704711914 11.961289405822754
3 5.758411884307861 12.727757453918457 10.027985572814941 19.55504035949707
8 11.615883827209473 12.579410552978516 16.1668701171875 19.0870304107666
1 17.8772029876709 12.566950798034668 22.44321632385254 19.0781192779541
29 31.7233943939209 12.467638969421387 36.29874038696289 19.15130043029785
29 25.604873657226562 12.512717247009277 30.276330947875977 19.203168869018555
12 25.521297454833984 12.433244705200195 30.323341369628906 19.13239097595215
