5 7.781698703765869 4.53988790512085 11.243735313415527 12.565406799316406
29 4.648735046386719 13.716597557067871 8.347393989562988 21.99034309387207
10 18.606042861938477 4.8924078941345215 22.24428367614746 13.379199028015137
6 19.254087448120117 14.485333442687988 23.2486629486084 23.05970573425293
2 13.76715087890625 14.247639656066895 17.260217666625977 21.998350143432617
29 24.515094757080078 14.54272174835205 28.26239013671875 23.043325424194336
5 9.689536094665527 13.880764961242676 12.86741828918457 21.973556518554688
6 22.548524856567383 5.357382297515869 26.42044448852539 13.741316795349121
12 11.553629875183105 4.49678373336792 15.364351272583008 13.072909355163574
29 11.528807640075684 4.487917900085449 15.380579948425293 13.08668041229248
