8 13.877569198608398 5.749804496765137 18.052461624145508 15.049086570739746
4 12.042323112487793 16.625158309936523 16.333969116210938 26.015029907226562
4 9.58845329284668 5.711612224578857 13.415009498596191 15.004585266113281
3 6.717285633087158 16.598562240600586 10.495083808898926 26.317798614501953
3 17.750154495239258 16.680849075317383 21.747451782226562 26.056289672851562
0 27.71352767944336 5.780482769012451 30.369638442993164 15.143522262573242
24 22.81378746032715 5.571137428283691 27.247133255004883 15.030217170715332
6 24.708362579345703 16.50902557373047 28.42490577697754 25.77452278137207
5 30.884626388549805 16.625667572021484 34.49600601196289 25.873781204223633
12 22.626359939575195 5.275579452514648 27.3182315826416 15.002998352050781
