1 9.588739395141602 33.12818908691406 19.163333892822266 53.820831298828125
5 18.00698471069336 8.61258316040039 26.403648376464844 28.73275375366211
4 59.61423110961914 35.22937774658203 68.23979187011719 55.55260467529297
8 27.457651138305664 8.942976951599121 35.47502899169922 29.406898498535156
29 21.83010482788086 33.50550842285156 30.366859436035156 54.10711669921875
3 33.48330307006836 34.92844772338867 41.7820930480957 55.21707534790039
24 44.72100830078125 9.54758358001709 53.86945343017578 30.29686737060547
0 55.72123336791992 10.236515998840332 61.826290130615234 31.15331268310547
0 49.469200134277344 35.34563064575195 55.23052978515625 55.55496597290039
12 44.60415267944336 9.840576171875 54.03303146362305 30.489368438720703
