8 15.653185844421387 5.548681735992432 20.33160972595215 16.318267822265625
4 34.68348693847656 18.29071617126465 40.34573745727539 29.014888763427734
1 5.016363143920898 17.66293716430664 10.759825706481934 28.296796798706055
5 9.870810508728027 5.445129871368408 15.013591766357422 16.210826873779297
3 19.380361557006836 18.333683013916016 24.753704071044922 28.657459259033203
29 12.550788879394531 17.556163787841797 17.47295570373535 28.19916534423828
0 28.563962936401367 18.322120666503906 32.418495178222656 29.00551986694336
0 32.516319274902344 6.270383358001709 36.04377746582031 16.878591537475586
12 25.45819664001465 6.32970666885376 31.43971061706543 16.34564781188965
24 25.480140686035156 6.112570285797119 31.345802307128906 16.35100555419922
