8 13.379115104675293 4.37947940826416 17.920907974243164 12.956110000610352
6 10.163728713989258 13.365178108215332 15.217985153198242 22.045520782470703
3 8.483025550842285 4.276129245758057 12.79976749420166 12.466699600219727
6 22.951026916503906 14.206745147705078 28.092960357666016 22.479877471923828
2 16.27239418029785 13.410233497619629 20.50506591796875 21.84907341003418
29 28.94199562072754 14.108085632324219 33.636688232421875 23.062307357788086
29 4.498371124267578 13.157118797302246 9.35572624206543 21.32623291015625
0 27.27425765991211 5.095473766326904 31.136762619018555 13.663538932800293
17 22.300743103027344 4.24373197555542 26.4865665435791 13.384170532226562
12 4.416953086853027 13.186629295349121 9.357483863830566 21.323266983032227
