7 25.933076858520508 16.821306228637695 29.96202278137207 26.001529693603516
8 14.363986015319824 5.8682026863098145 17.994680404663086 15.014392852783203
4 9.696512222290039 5.810420036315918 13.624164581298828 15.123529434204102
4 12.526355743408203 16.786890029907227 16.593244552612305 26.535552978515625
6 18.285947799682617 16.80948829650879 22.153118133544922 26.329330444335938
3 6.773704528808594 17.262237548828125 10.566036224365234 27.106082916259766
12 23.57044792175293 4.938608646392822 28.184085845947266 14.913948059082031
24 23.829938888549805 4.983639717102051 28.113567352294922 14.991312026977539
0 31.7343692779541 16.75196075439453 34.417449951171875 26.04416275024414
0 28.756067276000977 5.042516231536865 31.30921173095703 15.008870124816895
