5 43.90111541748047 13.093710899353027 67.41474151611328 54.67511749267578
1 108.43082427978516 4.228053569793701 131.7427215576172 47.0096321105957
5 20.307064056396484 15.287359237670898 44.88981246948242 57.916831970214844
2 85.62034606933594 53.83718490600586 108.66725158691406 94.06239318847656
8 113.00252532958984 49.454864501953125 136.300537109375 89.14453887939453
6 28.261127471923828 61.604183197021484 50.244895935058594 103.03350830078125
0 57.42422103881836 58.24526596069336 79.4644775390625 98.52490997314453
20 85.71644592285156 6.59304666519165 109.4683837890625 49.867942810058594
5 40.0147590637207 5.731427192687988 59.04690170288086 45.510005950927734
7 68.607177734375 51.44448471069336 87.64613342285156 91.13301849365234
7 17.332347869873047 50.213157653808594 35.95848083496094 89.16155242919922
7 43.132568359375 51.042137145996094 61.76692199707031 90.05326843261719
5 20.24593162536621 4.924510955810547 38.91203689575195 44.83252716064453
1 93.3453369140625 52.5303955078125 113.29483795166016 92.74840545654297
3 97.91659545898438 7.551161289215088 116.4841079711914 49.002925872802734
20 77.9466552734375 6.206380844116211 97.80122375488281 47.90682601928711
