5 15.70353889465332 5.306977272033691 21.021760940551758 14.920329093933105
12 26.359638214111328 5.396332740783691 31.72784423828125 14.978156089782715
3 13.517962455749512 16.488252639770508 18.30845069885254 25.282577514648438
1 28.67852020263672 16.414527893066406 33.93645095825195 25.059717178344727
1 6.448760986328125 16.264036178588867 11.338393211364746 25.207096099853516
6 10.067852020263672 5.280102729797363 14.958329200744629 15.082758903503418
0 32.84614944458008 5.6203718185424805 36.50974655151367 14.900607109069824
6 35.717529296875 15.999359130859375 40.18810272216797 25.409576416015625
29 20.304105758666992 16.248348236083984 25.320980072021484 24.988405227661133
12 20.232521057128906 16.228708267211914 25.383663177490234 25.069002151489258
