5 17.01769256591797 3.5414340496063232 36.298500061035156 41.61200714111328
2 37.09349822998047 4.506714344024658 56.27576446533203 43.33373260498047
7 18.695377349853516 45.90317916870117 37.96126174926758 82.88941192626953
1 94.82987976074219 7.213347434997559 116.1111831665039 48.31412124633789
8 68.0330581665039 48.80397033691406 89.59933471679688 87.55115509033203
6 43.461891174316406 46.870765686035156 62.42879104614258 85.17953491210938
3 94.25154113769531 50.861778259277344 114.2419662475586 90.32256317138672
25 75.54837036132812 5.476475238800049 94.54519653320312 45.995094299316406
2 8.528969764709473 19.901403427124023 14.290104866027832 32.03404235839844
5 15.640052795410156 19.932348251342773 21.141874313354492 32.211875915527344
29 23.540565490722656 20.173961639404297 29.617534637451172 32.74896240234375
29 2.132784366607666 19.844402313232422 7.839739799499512 31.772029876708984
3 14.151930809020996 4.656355381011963 18.771373748779297 18.01371192932129
12 23.858884811401367 4.941987991333008 30.28984832763672 18.44710922241211
0 30.588476181030273 4.9560980796813965 35.6064338684082 18.897775650024414
